1.230000000000000000e+02
1.230000000000000000e+02
1.970000000000000000e+02
1.960000000000000000e+02
1.990000000000000000e+02
2.010000000000000000e+02
1.930000000000000000e+02
2.110000000000000000e+02
1.970000000000000000e+02
1.900000000000000000e+02
1.990000000000000000e+02
1.950000000000000000e+02
1.890000000000000000e+02
2.060000000000000000e+02
2.010000000000000000e+02
1.900000000000000000e+02
1.940000000000000000e+02
1.900000000000000000e+02
1.930000000000000000e+02
1.880000000000000000e+02
1.940000000000000000e+02
2.060000000000000000e+02
1.970000000000000000e+02
1.940000000000000000e+02
1.980000000000000000e+02
1.850000000000000000e+02
1.900000000000000000e+02
1.960000000000000000e+02
1.930000000000000000e+02
1.950000000000000000e+02
1.920000000000000000e+02
1.950000000000000000e+02
1.870000000000000000e+02
1.950000000000000000e+02
1.990000000000000000e+02
2.050000000000000000e+02
1.880000000000000000e+02
1.910000000000000000e+02
2.080000000000000000e+02
1.910000000000000000e+02
1.910000000000000000e+02
1.900000000000000000e+02
1.990000000000000000e+02
1.890000000000000000e+02
1.930000000000000000e+02
1.910000000000000000e+02
1.930000000000000000e+02
1.920000000000000000e+02
2.020000000000000000e+02
1.900000000000000000e+02
1.980000000000000000e+02
2.000000000000000000e+02
2.000000000000000000e+02
2.000000000000000000e+02
1.910000000000000000e+02
1.980000000000000000e+02
1.950000000000000000e+02
2.000000000000000000e+02
1.910000000000000000e+02
1.910000000000000000e+02
1.880000000000000000e+02
1.890000000000000000e+02
1.880000000000000000e+02
1.890000000000000000e+02
1.930000000000000000e+02
2.050000000000000000e+02
2.000000000000000000e+02
1.920000000000000000e+02
1.950000000000000000e+02
1.970000000000000000e+02
2.050000000000000000e+02
1.900000000000000000e+02
2.050000000000000000e+02
1.990000000000000000e+02
2.070000000000000000e+02
2.000000000000000000e+02
2.080000000000000000e+02
1.970000000000000000e+02
2.060000000000000000e+02
2.070000000000000000e+02
2.070000000000000000e+02
2.080000000000000000e+02
2.110000000000000000e+02
2.060000000000000000e+02
2.050000000000000000e+02
2.100000000000000000e+02
2.100000000000000000e+02
2.120000000000000000e+02
2.100000000000000000e+02
2.170000000000000000e+02
2.120000000000000000e+02
2.070000000000000000e+02
2.020000000000000000e+02
2.120000000000000000e+02
2.100000000000000000e+02
2.070000000000000000e+02
2.140000000000000000e+02
2.090000000000000000e+02
2.310000000000000000e+02
2.160000000000000000e+02
2.230000000000000000e+02
2.230000000000000000e+02
2.320000000000000000e+02
2.280000000000000000e+02
2.390000000000000000e+02
2.220000000000000000e+02
2.280000000000000000e+02
2.280000000000000000e+02
2.330000000000000000e+02
2.480000000000000000e+02
2.380000000000000000e+02
2.550000000000000000e+02
2.680000000000000000e+02
2.950000000000000000e+02
3.260000000000000000e+02
3.760000000000000000e+02
4.380000000000000000e+02
5.150000000000000000e+02
5.930000000000000000e+02
6.850000000000000000e+02
7.620000000000000000e+02
8.430000000000000000e+02
8.900000000000000000e+02
9.270000000000000000e+02
9.300000000000000000e+02
9.410000000000000000e+02
9.400000000000000000e+02
9.370000000000000000e+02
9.350000000000000000e+02
9.340000000000000000e+02
9.350000000000000000e+02
9.320000000000000000e+02
9.390000000000000000e+02
9.310000000000000000e+02
9.310000000000000000e+02
9.350000000000000000e+02
9.410000000000000000e+02
9.390000000000000000e+02
9.380000000000000000e+02
9.340000000000000000e+02
9.370000000000000000e+02
9.400000000000000000e+02
9.390000000000000000e+02
9.320000000000000000e+02
9.350000000000000000e+02
9.310000000000000000e+02
9.310000000000000000e+02
9.360000000000000000e+02
9.390000000000000000e+02
9.350000000000000000e+02
9.290000000000000000e+02
9.170000000000000000e+02
9.030000000000000000e+02
8.940000000000000000e+02
8.640000000000000000e+02
8.450000000000000000e+02
8.240000000000000000e+02
8.060000000000000000e+02
7.650000000000000000e+02
7.380000000000000000e+02
7.240000000000000000e+02
7.000000000000000000e+02
6.740000000000000000e+02
6.490000000000000000e+02
6.310000000000000000e+02
6.170000000000000000e+02
5.830000000000000000e+02
5.650000000000000000e+02
5.510000000000000000e+02
5.340000000000000000e+02
5.210000000000000000e+02
4.890000000000000000e+02
4.760000000000000000e+02
4.620000000000000000e+02
4.380000000000000000e+02
4.250000000000000000e+02
4.270000000000000000e+02
4.000000000000000000e+02
3.820000000000000000e+02
3.670000000000000000e+02
3.620000000000000000e+02
3.560000000000000000e+02
3.440000000000000000e+02
3.260000000000000000e+02
3.240000000000000000e+02
3.220000000000000000e+02
3.060000000000000000e+02
3.030000000000000000e+02
2.950000000000000000e+02
2.910000000000000000e+02
2.850000000000000000e+02
2.820000000000000000e+02
2.720000000000000000e+02
2.650000000000000000e+02
2.660000000000000000e+02
2.720000000000000000e+02
2.580000000000000000e+02
2.620000000000000000e+02
2.440000000000000000e+02
2.420000000000000000e+02
2.350000000000000000e+02
2.350000000000000000e+02
2.310000000000000000e+02
2.330000000000000000e+02
2.440000000000000000e+02
2.330000000000000000e+02
2.310000000000000000e+02
2.280000000000000000e+02
2.210000000000000000e+02
2.240000000000000000e+02
2.240000000000000000e+02
2.240000000000000000e+02
2.260000000000000000e+02
2.200000000000000000e+02
2.120000000000000000e+02
2.110000000000000000e+02
2.270000000000000000e+02
2.080000000000000000e+02
2.180000000000000000e+02
2.120000000000000000e+02
2.160000000000000000e+02
2.140000000000000000e+02
2.230000000000000000e+02
2.070000000000000000e+02
2.040000000000000000e+02
2.150000000000000000e+02
2.160000000000000000e+02
2.110000000000000000e+02
2.030000000000000000e+02
2.070000000000000000e+02
2.070000000000000000e+02
2.090000000000000000e+02
2.090000000000000000e+02
2.070000000000000000e+02
2.100000000000000000e+02
2.020000000000000000e+02
2.110000000000000000e+02
2.120000000000000000e+02
2.140000000000000000e+02
2.080000000000000000e+02
2.050000000000000000e+02
2.030000000000000000e+02
2.200000000000000000e+02
2.130000000000000000e+02
2.060000000000000000e+02
2.190000000000000000e+02
2.070000000000000000e+02
2.050000000000000000e+02
2.080000000000000000e+02
2.050000000000000000e+02
2.090000000000000000e+02
2.130000000000000000e+02
2.070000000000000000e+02
2.070000000000000000e+02
2.080000000000000000e+02
2.100000000000000000e+02
2.060000000000000000e+02
2.030000000000000000e+02
2.120000000000000000e+02
2.160000000000000000e+02
2.090000000000000000e+02
2.100000000000000000e+02
2.050000000000000000e+02
2.180000000000000000e+02
2.060000000000000000e+02
2.060000000000000000e+02
2.120000000000000000e+02
2.060000000000000000e+02
2.120000000000000000e+02
2.170000000000000000e+02
2.030000000000000000e+02
2.090000000000000000e+02
2.180000000000000000e+02
2.170000000000000000e+02
2.030000000000000000e+02
2.140000000000000000e+02
2.040000000000000000e+02
2.080000000000000000e+02
2.100000000000000000e+02
2.100000000000000000e+02
2.070000000000000000e+02
2.060000000000000000e+02
2.070000000000000000e+02
2.050000000000000000e+02
2.140000000000000000e+02
2.090000000000000000e+02
2.140000000000000000e+02
2.310000000000000000e+02
