1.260000000000000000e+02
1.260000000000000000e+02
9.490000000000000000e+02
9.600000000000000000e+02
9.600000000000000000e+02
9.570000000000000000e+02
9.590000000000000000e+02
9.520000000000000000e+02
9.700000000000000000e+02
9.580000000000000000e+02
9.520000000000000000e+02
9.590000000000000000e+02
9.590000000000000000e+02
9.550000000000000000e+02
9.580000000000000000e+02
9.580000000000000000e+02
9.500000000000000000e+02
9.600000000000000000e+02
9.660000000000000000e+02
9.540000000000000000e+02
9.640000000000000000e+02
9.580000000000000000e+02
9.620000000000000000e+02
9.600000000000000000e+02
9.660000000000000000e+02
9.610000000000000000e+02
9.590000000000000000e+02
9.580000000000000000e+02
9.570000000000000000e+02
9.570000000000000000e+02
9.610000000000000000e+02
9.660000000000000000e+02
9.610000000000000000e+02
9.610000000000000000e+02
9.610000000000000000e+02
9.600000000000000000e+02
9.560000000000000000e+02
9.580000000000000000e+02
9.640000000000000000e+02
9.710000000000000000e+02
9.530000000000000000e+02
9.600000000000000000e+02
9.610000000000000000e+02
9.570000000000000000e+02
9.610000000000000000e+02
9.600000000000000000e+02
9.610000000000000000e+02
9.620000000000000000e+02
9.590000000000000000e+02
9.490000000000000000e+02
9.520000000000000000e+02
9.460000000000000000e+02
9.430000000000000000e+02
9.400000000000000000e+02
9.380000000000000000e+02
9.390000000000000000e+02
9.270000000000000000e+02
9.280000000000000000e+02
9.390000000000000000e+02
9.450000000000000000e+02
9.430000000000000000e+02
9.400000000000000000e+02
9.500000000000000000e+02
9.440000000000000000e+02
9.390000000000000000e+02
9.460000000000000000e+02
9.510000000000000000e+02
9.560000000000000000e+02
9.430000000000000000e+02
9.500000000000000000e+02
9.380000000000000000e+02
9.400000000000000000e+02
9.360000000000000000e+02
9.360000000000000000e+02
9.360000000000000000e+02
9.350000000000000000e+02
9.310000000000000000e+02
9.340000000000000000e+02
9.280000000000000000e+02
9.330000000000000000e+02
9.270000000000000000e+02
9.360000000000000000e+02
9.310000000000000000e+02
9.320000000000000000e+02
9.290000000000000000e+02
9.310000000000000000e+02
9.300000000000000000e+02
9.260000000000000000e+02
9.280000000000000000e+02
9.310000000000000000e+02
9.280000000000000000e+02
9.290000000000000000e+02
9.320000000000000000e+02
9.240000000000000000e+02
9.340000000000000000e+02
9.240000000000000000e+02
9.170000000000000000e+02
9.170000000000000000e+02
9.260000000000000000e+02
9.250000000000000000e+02
9.230000000000000000e+02
9.230000000000000000e+02
9.210000000000000000e+02
9.230000000000000000e+02
9.260000000000000000e+02
9.220000000000000000e+02
9.240000000000000000e+02
9.170000000000000000e+02
9.220000000000000000e+02
9.260000000000000000e+02
9.210000000000000000e+02
9.210000000000000000e+02
9.230000000000000000e+02
9.220000000000000000e+02
9.220000000000000000e+02
9.200000000000000000e+02
9.120000000000000000e+02
9.200000000000000000e+02
9.130000000000000000e+02
9.060000000000000000e+02
9.160000000000000000e+02
9.120000000000000000e+02
9.150000000000000000e+02
9.200000000000000000e+02
9.100000000000000000e+02
9.240000000000000000e+02
9.220000000000000000e+02
9.190000000000000000e+02
9.160000000000000000e+02
9.150000000000000000e+02
9.210000000000000000e+02
9.170000000000000000e+02
9.260000000000000000e+02
9.190000000000000000e+02
9.210000000000000000e+02
9.240000000000000000e+02
9.310000000000000000e+02
9.290000000000000000e+02
9.320000000000000000e+02
9.280000000000000000e+02
9.320000000000000000e+02
9.370000000000000000e+02
9.380000000000000000e+02
9.330000000000000000e+02
9.380000000000000000e+02
9.340000000000000000e+02
9.370000000000000000e+02
9.430000000000000000e+02
9.470000000000000000e+02
9.440000000000000000e+02
9.450000000000000000e+02
9.420000000000000000e+02
9.390000000000000000e+02
9.490000000000000000e+02
9.480000000000000000e+02
9.440000000000000000e+02
9.500000000000000000e+02
9.550000000000000000e+02
9.580000000000000000e+02
9.530000000000000000e+02
9.580000000000000000e+02
9.630000000000000000e+02
9.500000000000000000e+02
9.550000000000000000e+02
9.620000000000000000e+02
9.610000000000000000e+02
9.570000000000000000e+02
9.570000000000000000e+02
9.650000000000000000e+02
9.640000000000000000e+02
9.620000000000000000e+02
9.570000000000000000e+02
9.610000000000000000e+02
9.620000000000000000e+02
9.510000000000000000e+02
9.620000000000000000e+02
9.540000000000000000e+02
9.540000000000000000e+02
9.700000000000000000e+02
9.510000000000000000e+02
9.520000000000000000e+02
9.580000000000000000e+02
9.620000000000000000e+02
9.570000000000000000e+02
9.630000000000000000e+02
9.560000000000000000e+02
9.560000000000000000e+02
9.520000000000000000e+02
9.580000000000000000e+02
9.530000000000000000e+02
9.540000000000000000e+02
9.560000000000000000e+02
9.580000000000000000e+02
9.590000000000000000e+02
9.550000000000000000e+02
9.540000000000000000e+02
9.580000000000000000e+02
9.560000000000000000e+02
9.610000000000000000e+02
9.560000000000000000e+02
9.520000000000000000e+02
9.630000000000000000e+02
9.550000000000000000e+02
9.630000000000000000e+02
9.640000000000000000e+02
9.590000000000000000e+02
9.630000000000000000e+02
9.600000000000000000e+02
9.620000000000000000e+02
9.700000000000000000e+02
9.540000000000000000e+02
9.620000000000000000e+02
9.570000000000000000e+02
9.540000000000000000e+02
9.580000000000000000e+02
9.600000000000000000e+02
9.640000000000000000e+02
9.560000000000000000e+02
9.630000000000000000e+02
9.620000000000000000e+02
9.590000000000000000e+02
9.580000000000000000e+02
9.580000000000000000e+02
9.590000000000000000e+02
9.600000000000000000e+02
9.540000000000000000e+02
9.590000000000000000e+02
9.580000000000000000e+02
9.560000000000000000e+02
9.640000000000000000e+02
9.570000000000000000e+02
9.540000000000000000e+02
9.540000000000000000e+02
9.570000000000000000e+02
9.580000000000000000e+02
9.620000000000000000e+02
9.650000000000000000e+02
9.630000000000000000e+02
9.550000000000000000e+02
9.510000000000000000e+02
9.630000000000000000e+02
9.590000000000000000e+02
9.540000000000000000e+02
9.600000000000000000e+02
9.600000000000000000e+02
9.550000000000000000e+02
9.550000000000000000e+02
9.620000000000000000e+02
9.570000000000000000e+02
9.630000000000000000e+02
9.670000000000000000e+02
9.530000000000000000e+02
9.610000000000000000e+02
9.570000000000000000e+02
9.560000000000000000e+02
9.570000000000000000e+02
9.520000000000000000e+02
9.560000000000000000e+02
9.520000000000000000e+02
9.520000000000000000e+02
9.470000000000000000e+02
9.540000000000000000e+02
9.560000000000000000e+02
9.620000000000000000e+02
9.600000000000000000e+02
9.590000000000000000e+02
9.560000000000000000e+02
9.610000000000000000e+02
9.600000000000000000e+02
9.530000000000000000e+02
9.550000000000000000e+02
9.640000000000000000e+02
9.570000000000000000e+02
9.540000000000000000e+02
9.600000000000000000e+02
9.620000000000000000e+02
9.520000000000000000e+02
9.580000000000000000e+02
9.530000000000000000e+02
9.500000000000000000e+02
9.560000000000000000e+02
9.610000000000000000e+02
9.570000000000000000e+02
9.560000000000000000e+02
9.690000000000000000e+02
9.560000000000000000e+02
9.600000000000000000e+02
9.570000000000000000e+02
